11720   6100   12472
11667   6057   12572
11874   6257   12672
11840   6143   12506
11793   6169   12531
11938   6201   12475
11757   6200   12614
11725   6104   12333
11772   6128   12379
11700   5978   12347
11788   6100   12502
11834   6090   12501
11673   6037   12239
11847   6260   12596
11516   6034   12398
11658   6087   12171
11625   6011   12233
11886   6110   12406
11565   5984   12160
11586   6106   12271
11476   6013   12326
11737   6121   12438
11551   6060   12345
11745   6187   12482
11927   6265   12530
11832   6163   12524
11584   6044   12278
11639   5993   12157
11673   6016   12244
11683   6064   12312
11553   5993   12368
11910   6214   12605
11661   6039   12390
11728   6080   12347
11728   6054   12470
11564   6038   12327
11638   6069   12511
11775   6205   12419
11590   5982   12263
11574   6060   12389
11762   6125   12348
11505   5992   12247
11599   6039   12387
11570   6003   12271
11642   6017   12368
11491   5965   12334
11518   6000   12125
11445   5895   12128
11616   6083   12401
11579   6039   12340
11608   6074   12314
11552   6037   12392
11466   6113   12348
11699   6092   12489
11547   6067   12241
11805   6132   12429
11831   6191   12510
11648   6064   12431
11837   6063   12415
11595   6019   12321
11682   6083   12285
11489   5962   12165
11609   6061   12401
11648   6073   12221
11719   6071   12255
11660   6102   12251
11718   6117   12410
11802   6095   12403
11695   6066   12323
11649   6118   12284
11706   6109   12409
11679   6152   12403
11756   6153   12318
11642   6081   12322
11488   5999   12305
11424   5933   12111
11594   6011   12302
11779   6181   12454
11735   6134   12404
12015   6209   12562
11719   6065   12403
11548   6053   12430
11611   6026   12169
11764   6127   12323
11737   6219   12404
11786   6142   12681
11835   6208   12606
11833   6103   12455
11739   6168   12483
11760   6087   12391
11873   6121   12498
11697   6054   12407
11682   6084   12251
11828   6120   12279
11639   6014   12297
11666   6144   12505
11898   6236   12515
11624   6035   12303
11636   6199   12508
11846   6189   12382
11682   6145   12541
11507   6034   12284
11806   6119   12364
11641   6009   12305
11607   6021   12196
11883   6209   12524
11659   5946   12330
11894   6219   12422
11773   6136   12645
11523   6031   12159
11730   6027   12328
11587   5990   12452
11572   6090   12519
11685   6134   12339
11653   6040   12202
11781   6061   12212
11679   6116   12399
11769   6105   12285
11818   6124   12505
11763   6094   12246
11559   5996   12374
11700   6164   12407
11599   5911   12310
11654   6005   12291
11501   5955   12227
11549   6011   12208
11682   6058   12242
11545   5952   12234
11484   6002   12156
11348   5922   12248
11591   5935   12307
11602   5987   12200
11599   6102   12478
11498   6052   12331
11662   6039   12327
11521   6074   12252
11520   5991   12202
11575   5958   12201
11576   5938   12079
11375   5917   12222
11662   6102   12441
11615   6096   12284
11628   6076   12254
11630   6055   12167
11699   6118   12422
11518   6038   12239
11382   5838   12169
11502   5955   12129
11666   6142   12344
11497   5933   12150
11412   5918   12173
11539   6030   12307
11536   5963   12196
11605   6016   12289
11608   6097   12291
11747   6182   12441
11592   6041   12344
11554   6062   12396
11484   6022   12245
11655   6135   12511
11843   6120   12323
11701   6154   12437
11778   6060   12389
11617   6044   12285
11581   6116   12373
11674   6091   12284
11666   6019   12295
11868   6118   12366
11728   6161   12539
11571   5990   12228
11692   6068   12499
11726   6041   12407
11688   6163   12445
11780   6106   12396
11699   5995   12255
11794   6109   12230
11720   6092   12355
11659   6003   12325
11969   6227   12421
11812   6108   12471
11761   6153   12403
11942   6121   12397
11685   6057   12447
11775   6155   12523
12006   6248   12555
11964   6218   12416
11950   6309   12537
11972   6231   12458
11907   6286   12598
11868   6079   12485
11742   6174   12403
11920   6101   12254
11734   6114   12547
12017   6203   12671
11796   6078   12547
11863   6112   12589
11878   6128   12651
11880   6144   12434
11977   6262   12478
11943   6186   12535
11890   6239   12650
11820   6125   12528
11876   6178   12706
11851   6139   12597
11846   6192   12777
11841   6177   12505
11857   6273   12588
11771   6120   12554
12036   6335   12729
11784   6062   12446
11808   6136   12466
11583   5944   12366
11745   6134   12520
11501   5919   12200
11835   6118   12365
11709   6166   12402
11785   6236   12726
11740   6180   12424
12026   6232   12588
11794   6155   12522
11710   6086   12443
11870   6060   12356
11640   6051   12377
11912   6133   12600
11889   6173   12500
11623   6110   12454
11567   6004   12306
11620   6020   12417
11752   6153   12486
11886   6075   12484
11702   5994   12237
11687   6078   12494
11846   6226   12561
12181   6286   12488
11882   6252   12544
11723   6227   12536
11780   6160   12327
11702   6091   12308
11734   6075   12539
11793   6159   12339
11716   6193   12472
11713   6107   12433
11450   5919   12267
11536   6085   12267
11656   6056   12273
11511   6040   12362
11563   6026   12396
11608   6135   12442
11618   6071   12199
11780   6094   12432
11778   6082   12278
11594   6009   12353
11750   6150   12360
11634   6089   12386
11600   5934   12204
11908   6200   12456
11689   6068   12342
11685   6068   12189
11623   6034   12217
11638   6031   12235
11585   5976   12134
11688   6127   12316
11450   6040   12336
11495   5952   12073
11434   6033   12299
11537   5968   12198
11573   6039   12230
11546   5995   12308
11622   6034   12398
11545   6012   12249
11667   6021   12127
11793   6110   12202
11513   6036   12277
11618   6118   12283
11345   5921   12140
11792   6076   12335
11507   6024   12258
11626   6104   12336
11756   6210   12370
11496   5976   12221
11617   6063   12381
11562   6056   12217
11669   6008   12325
11539   6090   12273
11649   6023   12293
11774   6037   12447
11757   6035   12322
11740   6126   12467
11753   6082   12291
11955   6241   12480
11755   6242   12466
11725   6057   12394
11683   6163   12436
11884   6130   12375
11774   6056   12316
11777   6121   12397
11685   6059   12527
11608   6073   12374
11670   6096   12504
11683   6019   12398
11751   6083   12267
11758   6049   12285
11780   6018   12273
11672   5996   12096
11795   6142   12399
11561   5977   12189
11619   6106   12358
11847   6164   12597
11545   5932   12106
11560   6073   12448
11883   6248   12662
11696   6096   12458
11615   6096   12308
11653   6062   12374
11597   6028   12377
11817   6215   12488
11770   6167   12364
11739   6145   12268
11772   6107   12316
11810   6110   12394
11780   6208   12423
11626   6127   12189
11541   6020   12382
11824   6181   12418
11613   6140   12294
11656   6054   12184
11742   6082   12396
11629   6028   12200
11519   5984   12131
11719   6054   12300
11661   6083   12368
11641   6056   12231
11680   6037   12367
11689   6107   12484
11835   6226   12520
11651   5961   12004
11925   6336   12611
11582   6162   12397
11684   6157   12433
11558   6062   12308
11653   5987   12125
11586   5962   12289
11757   6073   12393
11801   6114   12522
11804   6149   12481
11770   6123   12434
11674   6121   12511
11790   6074   12372
11588   6087   12371
11860   6219   12358
11701   6135   12420
11462   5871   11919
11705   6131   12356
11827   6212   12333
11644   6038   12336
11582   5909   12105
11818   6064   12321
11699   6160   12478
11814   6225   12418
11773   6049   12268
11914   6224   12495
11730   6028   12399
11679   6009   12225
11618   6146   12349
11803   6071   12310
11693   6061   12420
11706   6006   12144
11999   6221   12544
11795   6067   12466
11844   5979   12299
11716   6059   12288
11701   6158   12528
11701   6167   12529
11557   5980   12263
11820   6093   12443
11560   5977   12179
11769   6247   12631
11780   6163   12365
11808   6143   12385
11766   6119   12353
11648   6029   12304
11658   6049   12313
11567   6036   12289
11545   6125   12218
11518   6025   12386
11562   6019   12171
11662   6019   12212
11759   6119   12422
11830   6189   12485
11702   6117   12318
11719   6180   12339
11630   5990   12233
11703   6041   12477
11818   6154   12598
11862   6086   12525
11855   6153   12458
11939   6128   12620
11769   6209   12543
11873   6057   12387
11797   6149   12464
11694   6131   12353
11783   6189   12556
11919   6140   12448
11718   6118   12529
11744   6121   12468
11919   6177   12522
11849   6110   12458
12004   6180   12551
11883   6135   12626
11756   6111   12338
11764   6127   12364
11838   6054   12513
11898   6264   12557
11916   6130   12384
11855   6132   12428
12067   6330   12668
12075   6302   12622
12088   6248   12563
11792   6128   12515
12054   6274   12705
12159   6381   12932
12129   6284   12750
12085   6260   12734
12138   6293   12679
12317   6450   12807
12255   6246   12792
12246   6371   12915
11987   6162   12770
11986   6229   12602
11961   6275   12749
12034   6274   12767
11988   6239   12707
11914   6217   12553
12117   6394   12689
12024   6338   12864
12007   6239   12733
11924   6234   12584
12201   6397   12860
12159   6265   12634
11926   6187   12541
11998   6219   12728
11956   6136   12608
12131   6202   12721
12030   6151   12560
12067   6284   12667
12035   6266   12760
12109   6185   12713
11856   6095   12508
11901   6144   12699
11833   6188   12567
12104   6284   12685
11848   6127   12607
11951   6292   12584
11825   6104   12633
12039   6199   12665
11919   6266   12644
11999   6113   12504
12034   6321   12609
11761   6163   12383
11777   6148   12658
11806   6075   12478
12019   6358   12715
11966   6147   12541
11740   6081   12343
11829   6144   12478
11770   6173   12365
11891   6080   12346
11949   6287   12690
11872   6199   12626
11750   6198   12354
11708   6032   12416
11909   6184   12478
11750   6119   12403
11832   6061   12403
11893   6141   12475
11659   6107   12350
11976   6260   12646
11675   6077   12486
11657   6019   12239
11778   6165   12294
11902   6199   12528
11843   6155   12397
11777   6204   12569
11880   6225   12548
11542   6058   12303
11716   6080   12449
11810   6134   12575
11774   6112   12438
11885   6177   12513
11669   6165   12420
11805   6082   12351
11907   6120   12272
11797   6157   12621
11886   6077   12406
11856   6184   12437
11740   6079   12374
11820   6113   12644
11764   6078   12379
11802   6041   12494
11835   6182   12528
11814   6151   12529
11903   6084   12452
11847   6079   12570
11801   6091   12383
11873   6167   12523
11793   6257   12684
11716   6152   12511
11912   6229   12577
