8-30-20  11720   6100   12472
8-30-21  11667   6057   12572
8-30-22  11874   6257   12672
8-30-23  11840   6143   12506
8-31-0  11793   6169   12531
8-31-1  11938   6201   12475
8-31-2  11757   6200   12614
8-31-3  11725   6104   12333
8-31-4  11772   6128   12379
8-31-5  11700   5978   12347
8-31-6  11788   6100   12502
8-31-7  11834   6090   12501
8-31-8  11673   6037   12239
8-31-9  11847   6260   12596
8-31-10  11516   6034   12398
8-31-11  11658   6087   12171
8-31-12  11625   6011   12233
8-31-13  11886   6110   12406
8-31-14  11565   5984   12160
8-31-15  11586   6106   12271
8-31-16  11476   6013   12326
8-31-17  11737   6121   12438
8-31-18  11551   6060   12345
8-31-19  11745   6187   12482
8-31-20  11927   6265   12530
8-31-21  11832   6163   12524
8-31-22  11584   6044   12278
8-31-23  11639   5993   12157
9-1-0  11673   6016   12244
9-1-1  11683   6064   12312
9-1-2  11553   5993   12368
9-1-3  11910   6214   12605
9-1-4  11661   6039   12390
9-1-5  11728   6080   12347
9-1-6  11728   6054   12470
9-1-7  11564   6038   12327
9-1-8  11638   6069   12511
9-1-9  11775   6205   12419
9-1-10  11590   5982   12263
9-1-11  11574   6060   12389
9-1-12  11762   6125   12348
9-1-13  11505   5992   12247
9-1-14  11599   6039   12387
9-1-15  11570   6003   12271
9-1-16  11642   6017   12368
9-1-17  11491   5965   12334
9-1-18  11518   6000   12125
9-1-19  11445   5895   12128
9-1-20  11616   6083   12401
9-1-21  11579   6039   12340
9-1-22  11608   6074   12314
9-1-23  11552   6037   12392
9-2-0  11466   6113   12348
9-2-1  11699   6092   12489
9-2-2  11547   6067   12241
9-2-3  11805   6132   12429
9-2-4  11831   6191   12510
9-2-5  11648   6064   12431
9-2-6  11837   6063   12415
9-2-7  11595   6019   12321
9-2-8  11682   6083   12285
9-2-9  11489   5962   12165
9-2-10  11609   6061   12401
9-2-11  11648   6073   12221
9-2-12  11719   6071   12255
9-2-13  11660   6102   12251
9-2-14  11718   6117   12410
9-2-15  11802   6095   12403
9-2-16  11695   6066   12323
9-2-17  11649   6118   12284
9-2-18  11706   6109   12409
9-2-19  11679   6152   12403
9-2-20  11756   6153   12318
9-2-21  11642   6081   12322
9-2-22  11488   5999   12305
9-2-23  11424   5933   12111
9-3-0  11594   6011   12302
9-3-1  11779   6181   12454
9-3-2  11735   6134   12404
9-3-3  12015   6209   12562
9-3-4  11719   6065   12403
9-3-5  11548   6053   12430
9-3-6  11611   6026   12169
9-3-7  11764   6127   12323
9-3-8  11737   6219   12404
9-3-9  11786   6142   12681
9-3-10  11835   6208   12606
9-3-11  11833   6103   12455
9-3-12  11739   6168   12483
9-3-13  11760   6087   12391
9-3-14  11873   6121   12498
9-3-15  11697   6054   12407
9-3-16  11682   6084   12251
9-3-17  11828   6120   12279
9-3-18  11639   6014   12297
9-3-19  11666   6144   12505
9-3-20  11898   6236   12515
9-3-21  11624   6035   12303
9-3-22  11636   6199   12508
9-3-23  11846   6189   12382
9-4-0  11682   6145   12541
9-4-1  11507   6034   12284
9-4-2  11806   6119   12364
9-4-3  11641   6009   12305
9-4-4  11607   6021   12196
9-4-5  11883   6209   12524
9-4-6  11659   5946   12330
9-4-7  11894   6219   12422
9-4-8  11773   6136   12645
9-4-9  11523   6031   12159
9-4-10  11730   6027   12328
9-4-11  11587   5990   12452
9-4-12  11572   6090   12519
9-4-13  11685   6134   12339
9-4-14  11653   6040   12202
9-4-15  11781   6061   12212
9-4-16  11679   6116   12399
9-4-17  11769   6105   12285
9-4-18  11818   6124   12505
9-4-19  11763   6094   12246
9-4-20  11559   5996   12374
9-4-21  11700   6164   12407
9-4-22  11599   5911   12310
9-4-23  11654   6005   12291
9-5-0  11501   5955   12227
9-5-1  11549   6011   12208
9-5-2  11682   6058   12242
9-5-3  11545   5952   12234
9-5-4  11484   6002   12156
9-5-5  11348   5922   12248
9-5-6  11591   5935   12307
9-5-7  11602   5987   12200
9-5-8  11599   6102   12478
9-5-9  11498   6052   12331
9-5-10  11662   6039   12327
9-5-11  11521   6074   12252
9-5-12  11520   5991   12202
9-5-13  11575   5958   12201
9-5-14  11576   5938   12079
9-5-15  11375   5917   12222
9-5-16  11662   6102   12441
9-5-17  11615   6096   12284
9-5-18  11628   6076   12254
9-5-19  11630   6055   12167
9-5-20  11699   6118   12422
9-5-21  11518   6038   12239
9-5-22  11382   5838   12169
9-5-23  11502   5955   12129
9-6-0  11666   6142   12344
9-6-1  11497   5933   12150
9-6-2  11412   5918   12173
9-6-3  11539   6030   12307
9-6-4  11536   5963   12196
9-6-5  11605   6016   12289
9-6-6  11608   6097   12291
9-6-7  11747   6182   12441
9-6-8  11592   6041   12344
9-6-9  11554   6062   12396
9-6-10  11484   6022   12245
9-6-11  11655   6135   12511
9-6-12  11843   6120   12323
9-6-13  11701   6154   12437
9-6-14  11778   6060   12389
9-6-15  11617   6044   12285
9-6-16  11581   6116   12373
9-6-17  11674   6091   12284
9-6-18  11666   6019   12295
9-6-19  11868   6118   12366
9-6-20  11728   6161   12539
9-6-21  11571   5990   12228
9-6-22  11692   6068   12499
9-6-23  11726   6041   12407
9-7-0  11688   6163   12445
9-7-1  11780   6106   12396
9-7-2  11699   5995   12255
9-7-3  11794   6109   12230
9-7-4  11720   6092   12355
9-7-5  11659   6003   12325
9-7-6  11969   6227   12421
9-7-7  11812   6108   12471
9-7-8  11761   6153   12403
9-7-9  11942   6121   12397
9-7-10  11685   6057   12447
9-7-11  11775   6155   12523
9-7-12  12006   6248   12555
9-7-13  11964   6218   12416
9-7-14  11950   6309   12537
9-7-15  11972   6231   12458
9-7-16  11907   6286   12598
9-7-17  11868   6079   12485
9-7-18  11742   6174   12403
9-7-19  11920   6101   12254
9-7-20  11734   6114   12547
9-7-21  12017   6203   12671
9-7-22  11796   6078   12547
9-7-23  11863   6112   12589
9-8-0  11878   6128   12651
9-8-1  11880   6144   12434
9-8-2  11977   6262   12478
9-8-3  11943   6186   12535
9-8-4  11890   6239   12650
9-8-5  11820   6125   12528
9-8-6  11876   6178   12706
9-8-7  11851   6139   12597
9-8-8  11846   6192   12777
9-8-9  11841   6177   12505
9-8-10  11857   6273   12588
9-8-11  11771   6120   12554
9-8-12  12036   6335   12729
9-8-13  11784   6062   12446
9-8-14  11808   6136   12466
9-8-15  11583   5944   12366
9-8-16  11745   6134   12520
9-8-17  11501   5919   12200
9-8-18  11835   6118   12365
9-8-19  11709   6166   12402
9-8-20  11785   6236   12726
9-8-21  11740   6180   12424
9-8-22  12026   6232   12588
9-8-23  11794   6155   12522
9-9-0  11710   6086   12443
9-9-1  11870   6060   12356
9-9-2  11640   6051   12377
9-9-3  11912   6133   12600
9-9-4  11889   6173   12500
9-9-5  11623   6110   12454
9-9-6  11567   6004   12306
9-9-7  11620   6020   12417
9-9-8  11752   6153   12486
9-9-9  11886   6075   12484
9-9-10  11702   5994   12237
9-9-11  11687   6078   12494
9-9-12  11846   6226   12561
9-9-13  12181   6286   12488
9-9-14  11882   6252   12544
9-9-15  11723   6227   12536
9-9-16  11780   6160   12327
9-9-17  11702   6091   12308
9-9-18  11734   6075   12539
9-9-19  11793   6159   12339
9-9-20  11716   6193   12472
9-9-21  11713   6107   12433
9-9-22  11450   5919   12267
9-9-23  11536   6085   12267
9-10-0  11656   6056   12273
9-10-1  11511   6040   12362
9-10-2  11563   6026   12396
9-10-3  11608   6135   12442
9-10-4  11618   6071   12199
9-10-5  11780   6094   12432
9-10-6  11778   6082   12278
9-10-7  11594   6009   12353
9-10-8  11750   6150   12360
9-10-9  11634   6089   12386
9-10-10  11600   5934   12204
9-10-11  11908   6200   12456
9-10-12  11689   6068   12342
9-10-13  11685   6068   12189
9-10-14  11623   6034   12217
9-10-15  11638   6031   12235
9-10-16  11585   5976   12134
9-10-17  11688   6127   12316
9-10-18  11450   6040   12336
9-10-19  11495   5952   12073
9-10-20  11434   6033   12299
9-10-21  11537   5968   12198
9-10-22  11573   6039   12230
9-10-23  11546   5995   12308
9-11-0  11622   6034   12398
9-11-1  11545   6012   12249
9-11-2  11667   6021   12127
9-11-3  11793   6110   12202
9-11-4  11513   6036   12277
9-11-5  11618   6118   12283
9-11-6  11345   5921   12140
9-11-7  11792   6076   12335
9-11-8  11507   6024   12258
9-11-9  11626   6104   12336
9-11-10  11756   6210   12370
9-11-11  11496   5976   12221
9-11-12  11617   6063   12381
9-11-13  11562   6056   12217
9-11-14  11669   6008   12325
9-11-15  11539   6090   12273
9-11-16  11649   6023   12293
9-11-17  11774   6037   12447
9-11-18  11757   6035   12322
9-11-19  11740   6126   12467
9-11-20  11753   6082   12291
9-11-21  11955   6241   12480
9-11-22  11755   6242   12466
9-11-23  11725   6057   12394
9-12-0  11683   6163   12436
9-12-1  11884   6130   12375
9-12-2  11774   6056   12316
9-12-3  11777   6121   12397
9-12-4  11685   6059   12527
9-12-5  11608   6073   12374
9-12-6  11670   6096   12504
9-12-7  11683   6019   12398
9-12-8  11751   6083   12267
9-12-9  11758   6049   12285
9-12-10  11780   6018   12273
9-12-11  11672   5996   12096
9-12-12  11795   6142   12399
9-12-13  11561   5977   12189
9-12-14  11619   6106   12358
9-12-15  11847   6164   12597
9-12-16  11545   5932   12106
9-12-17  11560   6073   12448
9-12-18  11883   6248   12662
9-12-19  11696   6096   12458
9-12-20  11615   6096   12308
9-12-21  11653   6062   12374
9-12-22  11597   6028   12377
9-12-23  11817   6215   12488
9-13-0  11770   6167   12364
9-13-1  11739   6145   12268
9-13-2  11772   6107   12316
9-13-3  11810   6110   12394
9-13-4  11780   6208   12423
9-13-5  11626   6127   12189
9-13-6  11541   6020   12382
9-13-7  11824   6181   12418
9-13-8  11613   6140   12294
9-13-9  11656   6054   12184
9-13-10  11742   6082   12396
9-13-11  11629   6028   12200
9-13-12  11519   5984   12131
9-13-13  11719   6054   12300
9-13-14  11661   6083   12368
9-13-15  11641   6056   12231
9-13-16  11680   6037   12367
9-13-17  11689   6107   12484
9-13-18  11835   6226   12520
9-13-19  11651   5961   12004
9-13-20  11925   6336   12611
9-13-21  11582   6162   12397
9-13-22  11684   6157   12433
9-13-23  11558   6062   12308
9-14-0  11653   5987   12125
9-14-1  11586   5962   12289
9-14-2  11757   6073   12393
9-14-3  11801   6114   12522
9-14-4  11804   6149   12481
9-14-5  11770   6123   12434
9-14-6  11674   6121   12511
9-14-7  11790   6074   12372
9-14-8  11588   6087   12371
9-14-9  11860   6219   12358
9-14-10  11701   6135   12420
9-14-11  11462   5871   11919
9-14-12  11705   6131   12356
9-14-13  11827   6212   12333
9-14-14  11644   6038   12336
9-14-15  11582   5909   12105
9-14-16  11818   6064   12321
9-14-17  11699   6160   12478
9-14-18  11814   6225   12418
9-14-19  11773   6049   12268
9-14-20  11914   6224   12495
9-14-21  11730   6028   12399
9-14-22  11679   6009   12225
9-14-23  11618   6146   12349
9-15-0  11803   6071   12310
9-15-1  11693   6061   12420
9-15-2  11706   6006   12144
9-15-3  11999   6221   12544
9-15-4  11795   6067   12466
9-15-5  11844   5979   12299
9-15-6  11716   6059   12288
9-15-7  11701   6158   12528
9-15-8  11701   6167   12529
9-15-9  11557   5980   12263
9-15-10  11820   6093   12443
9-15-11  11560   5977   12179
9-15-12  11769   6247   12631
9-15-13  11780   6163   12365
9-15-14  11808   6143   12385
9-15-15  11766   6119   12353
9-15-16  11648   6029   12304
9-15-17  11658   6049   12313
9-15-18  11567   6036   12289
9-15-19  11545   6125   12218
9-15-20  11518   6025   12386
9-15-21  11562   6019   12171
9-15-22  11662   6019   12212
9-15-23  11759   6119   12422
9-16-0  11830   6189   12485
9-16-1  11702   6117   12318
9-16-2  11719   6180   12339
9-16-3  11630   5990   12233
9-16-4  11703   6041   12477
9-16-5  11818   6154   12598
9-16-6  11862   6086   12525
9-16-7  11855   6153   12458
9-16-8  11939   6128   12620
9-16-9  11769   6209   12543
9-16-10  11873   6057   12387
9-16-11  11797   6149   12464
9-16-12  11694   6131   12353
9-16-13  11783   6189   12556
9-16-14  11919   6140   12448
9-16-15  11718   6118   12529
9-16-16  11744   6121   12468
9-16-17  11919   6177   12522
9-16-18  11849   6110   12458
9-16-19  12004   6180   12551
9-16-20  11883   6135   12626
9-16-21  11756   6111   12338
9-16-22  11764   6127   12364
9-16-23  11838   6054   12513
9-17-0  11898   6264   12557
9-17-1  11916   6130   12384
9-17-2  11855   6132   12428
9-17-3  12067   6330   12668
9-17-4  12075   6302   12622
9-17-5  12088   6248   12563
9-17-6  11792   6128   12515
9-17-7  12054   6274   12705
9-17-8  12159   6381   12932
9-17-9  12129   6284   12750
9-17-10  12085   6260   12734
9-17-11  12138   6293   12679
9-17-12  12317   6450   12807
9-17-13  12255   6246   12792
9-17-14  12246   6371   12915
9-17-15  11987   6162   12770
9-17-16  11986   6229   12602
9-17-17  11961   6275   12749
9-17-18  12034   6274   12767
9-17-19  11988   6239   12707
9-17-20  11914   6217   12553
9-17-21  12117   6394   12689
9-17-22  12024   6338   12864
9-17-23  12007   6239   12733
9-18-0  11924   6234   12584
9-18-1  12201   6397   12860
9-18-2  12159   6265   12634
9-18-3  11926   6187   12541
9-18-4  11998   6219   12728
9-18-5  11956   6136   12608
9-18-6  12131   6202   12721
9-18-7  12030   6151   12560
9-18-8  12067   6284   12667
9-18-9  12035   6266   12760
9-18-10  12109   6185   12713
9-18-11  11856   6095   12508
9-18-12  11901   6144   12699
9-18-13  11833   6188   12567
9-18-14  12104   6284   12685
9-18-15  11848   6127   12607
9-18-16  11951   6292   12584
9-18-17  11825   6104   12633
9-18-18  12039   6199   12665
9-18-19  11919   6266   12644
9-18-20  11999   6113   12504
9-18-21  12034   6321   12609
9-18-22  11761   6163   12383
9-18-23  11777   6148   12658
9-19-0  11806   6075   12478
9-19-1  12019   6358   12715
9-19-2  11966   6147   12541
9-19-3  11740   6081   12343
9-19-4  11829   6144   12478
9-19-5  11770   6173   12365
9-19-6  11891   6080   12346
9-19-7  11949   6287   12690
9-19-8  11872   6199   12626
9-19-9  11750   6198   12354
9-19-10  11708   6032   12416
9-19-11  11909   6184   12478
9-19-12  11750   6119   12403
9-19-13  11832   6061   12403
9-19-14  11893   6141   12475
9-19-15  11659   6107   12350
9-19-16  11976   6260   12646
9-19-17  11675   6077   12486
9-19-18  11657   6019   12239
9-19-19  11778   6165   12294
9-19-20  11902   6199   12528
9-19-21  11843   6155   12397
9-19-22  11777   6204   12569
9-19-23  11880   6225   12548
9-20-0  11542   6058   12303
9-20-1  11716   6080   12449
9-20-2  11810   6134   12575
9-20-3  11774   6112   12438
9-20-4  11885   6177   12513
9-20-5  11669   6165   12420
9-20-6  11805   6082   12351
9-20-7  11907   6120   12272
9-20-8  11797   6157   12621
9-20-9  11886   6077   12406
9-20-10  11856   6184   12437
9-20-11  11740   6079   12374
9-20-12  11820   6113   12644
9-20-13  11764   6078   12379
9-20-14  11802   6041   12494
9-20-15  11835   6182   12528
9-20-16  11814   6151   12529
9-20-17  11903   6084   12452
9-20-18  11847   6079   12570
9-20-19  11801   6091   12383
9-20-20  11873   6167   12523
9-20-21  11793   6257   12684
9-20-22  11716   6152   12511
9-20-23  11912   6229   12577
